star_name,Fe,C,O,Na,Mg,Al,Si,Ca,Sc,Ti,V,Cr,Mn,Co,Ni,Y,C_Mg,O_Mg,Si_Mg,Ca_Mg,Ti_Mg,Fe_Mg,C_Si,O_Si,Mg_Si,Ca_Si,Ti_Si,Fe_Si,C_O,Si_O,Mg_O,Ca_O,Ti_O,Fe_O,Prob0,Prob1,Prob2,Prob3,Prob4,Prob5,Prob6
Gaia DR3 1585765117538284928,-0.13,-0.1,-0.09,-0.31,-0.13,-0.34,-0.13,-0.09,,-0.12,-0.14,-0.14,-0.39,,-0.18,-0.09,7.585775750291852,16.982436524617462,0.9772372209558112,0.0645654229034655,0.0025118864315095,0.831763771102671,7.762471166286927,17.378008287493763,1.0232929922807534,0.0660693448007595,0.0025703957827688,0.8511380382023759,0.4466835921509635,0.0575439937337156,0.0588843655355588,0.0038018939632056,0.0001479108388168,0.0489778819368445,0.9595478715999888,0.9659965217391304,0.9522339008980932,0.9541712131732965,0.9967167501391208,0.9972315354544316,0.9993192740738724
Gaia DR3 2007417175286304000,0.17,0.1,0.04,-0.09,0.1,0.0,0.11,0.19,,0.14,0.19,0.18,0.02,,0.13,0.3,7.079457843841388,13.489628825916537,1.000000000000002,0.072443596007499,0.0026915348039269,0.9772372209558112,7.079457843841374,13.489628825916506,0.999999999999998,0.0724435960074989,0.0026915348039269,0.9772372209558092,0.5248074602497733,0.0741310241300919,0.0741310241300917,0.0053703179637025,0.0001995262314968,0.072443596007499,0.9192652890836986,0.9438156943440298,0.9086714039011408,0.9083840815748476,0.9878113333704798,0.983546083494578,0.999319598290831
Gaia DR3 2051808789021826432,-0.07,-0.07,-0.09,-0.27,-0.07,-0.22,-0.06,-0.06,,-0.11,-0.08,-0.07,-0.22,,-0.09,0.06,7.079457843841388,14.791083881682102,1.000000000000002,0.0602559586074358,0.0022387211385683,0.8317637711026709,7.079457843841373,14.791083881682072,0.999999999999998,0.0602559586074356,0.0022387211385683,0.8317637711026692,0.478630092322638,0.0676082975391981,0.067608297539198,0.0040738027780411,0.0001513561248436,0.0562341325190347,0.9494224077940152,0.9536428452069292,0.9223151034287334,0.9064777787231628,0.9727742724518442,0.9747700357644832,0.9993058485661008
Gaia DR3 2052368955838887808,0.09,0.01,-0.1,-0.11,-0.01,-0.09,0.04,0.14,,0.04,0.09,0.04,-0.04,,0.02,0.02,7.413102413009177,12.589254117941689,1.096478196143185,0.0831763771102669,0.0027542287033381,1.0471285480508985,6.760829753919819,11.48153621496884,0.9120108393559097,0.0758577575029182,0.0025118864315095,0.954992586021435,0.5888436553555884,0.0870963589956079,0.079432823472428,0.0066069344800759,0.0002187761623949,0.0831763771102669,0.9597082852013192,0.9752389711005212,0.9858669766386936,0.9878385457222544,0.994495489359336,0.968273846796076,0.9996190268858168
Gaia DR3 2073595195312122880,0.0,-0.04,0.03,-0.27,-0.1,-0.23,-0.07,0.04,,-0.02,0.02,0.03,-0.29,,-0.09,0.12,8.128305161641011,20.892961308540364,1.0471285480508985,0.0812830516164098,0.0029512092266663,1.0471285480508985,7.762471166286943,19.95262314968879,0.9549925860214368,0.0776247116628691,0.0028183829312644,1.0,0.389045144994282,0.0501187233627272,0.0478630092322639,0.0038904514499428,0.0001412537544622,0.0501187233627272,0.9987619802751464,0.9991369470196833,0.9992922758991636,0.9993496486689004,0.9630700778642936,0.9616652983984304,0.99642434706946
Gaia DR3 2073697419836171264,-0.1,-0.13,-0.22,-0.23,-0.13,-0.23,-0.1,0.01,,-0.11,-0.11,-0.09,-0.27,,-0.13,-0.13,7.079457843841373,12.58925411794166,1.0471285480509007,0.0812830516164098,0.0025703957827688,0.891250938133746,6.760829753919805,12.022644346174106,0.9549925860214348,0.0776247116628689,0.002454708915685,0.851138038202376,0.5623413251903491,0.0831763771102672,0.0794328234724282,0.0064565422903465,0.0002041737944669,0.0707945784384138,0.983118725143922,0.9868069100027864,0.9379604442933244,0.9382383007723762,0.9984689261604844,0.9991788676724378,0.9987877962408064
Gaia DR3 2073865026641816064,0.11,0.06,0.02,-0.13,0.02,-0.09,0.03,0.14,,0.06,0.1,0.14,-0.03,,0.05,0.21,7.762471166286943,15.488166189124827,1.000000000000002,0.0776247116628691,0.0026915348039269,1.0232929922807557,7.762471166286927,15.488166189124795,0.999999999999998,0.0776247116628689,0.0026915348039269,1.0232929922807537,0.5011872336272735,0.0645654229034656,0.0645654229034655,0.0050118723362727,0.0001737800828749,0.0660693448007596,0.998162583518931,0.9993733986855295,0.9967867961384932,0.9969430645777608,0.9785453079158498,0.9757679513410442,0.9963118714190448
Gaia DR3 2076839480469187712,0.04,-0.02,-0.13,-0.16,-0.04,-0.15,0.04,0.07,,-0.02,-0.02,0.06,-0.14,,0.0,0.17,7.413102413009193,12.589254117941662,1.1748975549395304,0.0758577575029183,0.0025703957827688,1.0,6.309573444801943,10.715193052376048,0.8511380382023759,0.0645654229034655,0.0021877616239495,0.8511380382023759,0.5888436553555909,0.0933254300796992,0.0794328234724282,0.0060255958607435,0.0002041737944669,0.0794328234724282,0.94249192380528,0.962621636295296,0.9157805068502874,0.9113866711964216,0.9618576799888596,0.9507204009187722,0.9890389348999769
Gaia DR3 2077299694799977856,0.04,-0.05,-0.05,-0.19,-0.05,-0.17,0.01,0.08,,0.0,-0.02,0.05,-0.14,,-0.03,0.15,7.079457843841373,15.488166189124795,1.122018454301963,0.079432823472428,0.0027542287033381,1.0232929922807537,6.309573444801931,13.80384264602884,0.8912509381337459,0.0707945784384137,0.002454708915685,0.9120108393559097,0.4570881896148752,0.072443596007499,0.0645654229034656,0.0051286138399136,0.0001778279410038,0.0660693448007596,0.994863514247136,0.9951718380409073,0.954426252746474,0.9511041232878652,0.949135809335762,0.9928538593338628,0.9987066735644076
Gaia DR3 2077628341397525120,-0.09,-0.09,-0.03,-0.34,-0.11,-0.19,-0.1,-0.12,,-0.1,-0.1,-0.08,-0.27,,-0.11,-0.11,7.413102413009192,18.620871366628734,1.000000000000002,0.0575439937337156,0.0025118864315095,0.8709635899560815,7.413102413009176,18.62087136662869,0.999999999999998,0.0575439937337155,0.0025118864315095,0.8709635899560796,0.3981071705534969,0.0537031796370252,0.0537031796370251,0.0030902954325135,0.0001348962882591,0.0467735141287197,0.990837823913558,0.9969112183991208,0.9983990025644296,0.9984255765793878,0.943093283530084,0.9971299198885406,0.9993338861625046
Gaia DR3 2078083436127470080,0.04,0.03,0.08,-0.21,0.01,-0.12,0.04,0.11,,0.03,-0.09,0.03,-0.17,,0.0,0.23,7.413102413009177,18.197008586099862,1.0471285480509005,0.0741310241300917,0.0025703957827688,0.8912509381337459,7.079457843841373,17.378008287493763,0.954992586021435,0.0707945784384137,0.002454708915685,0.8511380382023759,0.4073802778041122,0.0575439937337156,0.0549540873857623,0.0040738027780411,0.0001412537544622,0.0489778819368445,0.9801366907476232,0.9845783400837892,0.912826828612279,0.9165179203853236,0.9978556011975214,0.9999442927970588,0.9998365456650548
Gaia DR3 2078996825361036160,-0.08,-0.14,-0.01,-0.29,-0.14,-0.28,-0.13,-0.01,,-0.03,-0.12,-0.08,-0.4,,-0.14,0.0,7.0794578438413724,20.892961308540407,1.0,0.079432823472428,0.0031622776601683,0.9549925860214348,7.0794578438413724,20.892961308540407,1.0,0.079432823472428,0.0031622776601683,0.9549925860214348,0.338844156139202,0.0478630092322638,0.0478630092322638,0.0038018939632056,0.0001513561248436,0.0457088189614874,0.9897641299510458,0.9889569697813676,0.9902933227682424,0.9905015736198928,0.9657283593304298,0.998398038642094,0.9988294064001524
Gaia DR3 2079100557410633472,-0.08,-0.07,-0.08,-0.22,-0.1,-0.32,-0.07,-0.01,,-0.09,0.01,-0.05,-0.32,,-0.12,0.13,7.585775750291837,16.218100973589298,1.0471285480508985,0.0724435960074989,0.0025118864315095,0.8709635899560796,7.244359600749907,15.488166189124827,0.9549925860214368,0.0691830970918936,0.0023988329190194,0.8317637711026709,0.4677351412871981,0.0645654229034655,0.0616595001861482,0.0044668359215096,0.0001548816618912,0.0537031796370252,0.9837337232783232,0.983787325396604,0.966771994955578,0.9632628176043556,0.9827691708619588,0.9994986561198768,0.9993876051277863
Gaia DR3 2079320872050034688,-0.01,-0.05,-0.11,-0.28,-0.12,-0.2,-0.09,0.02,,-0.09,-0.03,-0.0,-0.18,,-0.11,-0.03,8.317637711026709,15.848931924611176,1.0471285480509007,0.0812830516164097,0.0026302679918953,1.071519305237607,7.943282347242805,15.135612484362104,0.9549925860214348,0.0776247116628689,0.0025118864315095,1.0232929922807537,0.5248074602497712,0.0660693448007595,0.0630957344480191,0.0051286138399136,0.0001659586907437,0.067608297539198,0.9825404118457876,0.9860523385300668,0.994735054347826,0.9951582076874071,0.9423641958976788,0.923891711322987,0.985030347568112
Gaia DR3 2079403880876910464,0.01,-0.01,-0.02,-0.14,0.0,-0.03,0.01,0.03,,0.02,-0.04,-0.01,-0.1,,0.04,-0.06,6.918309709189376,14.791083881682102,1.0,0.0630957344480193,0.0025703957827688,0.851138038202376,6.918309709189376,14.791083881682102,1.0,0.0630957344480193,0.0025703957827688,0.851138038202376,0.4677351412871981,0.067608297539198,0.067608297539198,0.0042657951880159,0.0001737800828749,0.0575439937337155,0.9836902823585076,0.9792145233819208,0.9205298951544348,0.9285360223201008,0.9901006641326594,0.9997914030232656,0.9979721269530186
Gaia DR3 2079613685738988800,-0.12,-0.08,-0.04,-0.29,-0.15,-0.3,-0.14,-0.07,,-0.08,-0.13,-0.13,-0.4,,-0.14,-0.11,8.317637711026725,19.95262314968887,1.000000000000002,0.0707945784384137,0.0028840315031266,0.8912509381337459,8.317637711026709,19.95262314968883,0.999999999999998,0.0707945784384136,0.0028840315031266,0.8912509381337441,0.4168693834703346,0.0501187233627271,0.050118723362727,0.0035481338923357,0.0001445439770745,0.0446683592150961,0.9810597112404986,0.9858315935977732,0.9896547814749732,0.9891635384942276,0.9955431134138358,0.9936461591936044,0.999604818489044
Gaia DR3 2079695496278608896,-0.04,-0.01,-0.08,-0.27,-0.06,-0.35,-0.09,-0.01,,-0.07,-0.12,-0.02,-0.32,,-0.11,0.1,7.943282347242821,14.791083881682072,0.9120108393559097,0.0660693448007595,0.0023988329190194,0.8709635899560796,8.709635899560814,16.218100973589298,1.096478196143185,0.0724435960074989,0.0026302679918953,0.9549925860214348,0.5370317963702532,0.0616595001861482,0.0676082975391981,0.0044668359215096,0.0001621810097358,0.0588843655355588,0.9472540029822044,0.9756926075455936,0.9708154142145768,0.9727674849140064,0.9255117671633476,0.9890635870321414,0.9983777962566628
Gaia DR3 2080025349764145536,0.15,0.02,-0.06,-0.05,0.04,-0.02,0.08,0.14,,0.09,0.12,0.15,0.03,,0.11,0.19,6.760829753919819,12.302687708123813,1.071519305237607,0.0741310241300916,0.0027542287033381,1.071519305237607,6.30957344480193,11.481536214968818,0.9332543007969905,0.0691830970918934,0.0025703957827688,1.0,0.5495408738576248,0.0870963589956081,0.0812830516164099,0.0060255958607435,0.0002238721138568,0.0870963589956081,0.9903537873930136,0.990503641199159,0.997977025803531,0.9973636093039078,0.983617946615904,0.9293980193612996,0.993831447363046
Gaia DR3 2080386917291928832,0.01,-0.08,0.07,-0.19,-0.08,-0.13,-0.05,0.03,,0.02,0.0,0.02,-0.3,,-0.12,0.06,7.079457843841388,21.87761623949557,1.0471285480509007,0.0758577575029183,0.0030902954325135,1.0232929922807537,6.760829753919818,20.89296130854041,0.9549925860214348,0.0724435960074989,0.0029512092266663,0.9772372209558092,0.323593656929628,0.0478630092322637,0.0457088189614874,0.0034673685045253,0.0001412537544622,0.0467735141287197,0.9689067201604814,0.980476256788748,0.945094649739288,0.9563584306610728,0.9714397114728532,0.994528672263292,0.9970706052265852
Gaia DR3 2080505900764913792,-0.04,-0.08,-0.09,-0.28,-0.1,-0.22,-0.09,-0.01,,-0.06,-0.02,-0.03,-0.23,,-0.13,0.06,7.413102413009176,15.848931924611142,1.0,0.0724435960074989,0.0026915348039269,0.9549925860214348,7.413102413009176,15.848931924611142,1.0,0.0724435960074989,0.0026915348039269,0.9549925860214348,0.467735141287198,0.0630957344480193,0.0630957344480193,0.0045708818961487,0.0001698243652461,0.0602559586074356,0.9714659540114692,0.9796781327806602,0.9649117838633854,0.9632250941313024,0.9894921434635564,0.9951004955180668,0.999713947121082
Gaia DR3 2080586100694474240,-0.1,-0.17,-0.18,-0.32,-0.18,-0.37,-0.13,-0.04,,-0.13,-0.03,-0.07,-0.34,,-0.19,0.01,7.244359600749905,15.488166189124827,1.096478196143185,0.0812830516164097,0.0027542287033381,1.0,6.606934480075964,14.125375446227554,0.9120108393559097,0.0741310241300916,0.0025118864315095,0.9120108393559097,0.467735141287198,0.0707945784384137,0.0645654229034655,0.0052480746024977,0.0001778279410038,0.0645654229034655,0.9260301451536512,0.9190925907896018,0.9698373569080811,0.9702325317925624,0.9680424429776924,0.9977851760018944,0.998802525582408
Gaia DR3 2099574421688108928,0.03,0.04,-0.01,-0.26,0.0,-0.1,-0.0,0.02,,0.0,-0.04,0.03,-0.14,,0.01,-0.02,7.762471166286911,15.135612484362104,0.9772372209558112,0.061659500186148,0.002454708915685,0.8912509381337459,7.943282347242805,15.48816618912483,1.0232929922807537,0.0630957344480191,0.0025118864315095,0.9120108393559098,0.5128613839913637,0.0645654229034654,0.0660693448007595,0.0040738027780411,0.0001621810097358,0.0588843655355588,0.986506245561265,0.9913631242959068,0.9982433523636828,0.9987953856183216,0.9719870795277344,0.9883823098701552,0.985676161429116
Gaia DR3 2101479879638683392,-0.17,-0.11,-0.09,-0.28,-0.16,-0.28,-0.18,-0.13,,-0.12,-0.12,-0.17,-0.47,,-0.19,-0.17,7.943282347242838,18.197008586099862,0.9332543007969926,0.0630957344480193,0.0026915348039269,0.8128305161640995,8.511380382023775,19.49844599758045,1.0715193052376046,0.067608297539198,0.0028840315031265,0.8709635899560796,0.4365158322401665,0.0512861383991364,0.0549540873857623,0.0034673685045253,0.0001479108388168,0.0446683592150962,0.9612891559561564,0.9824283150381904,0.9345336673885656,0.9445223426102968,0.9721286370597244,0.9800461649702432,0.9979017072472852
Gaia DR3 2101485548995660416,0.05,0.04,-0.08,-0.21,0.01,-0.11,-0.01,0.07,,0.0,0.1,0.06,-0.09,,0.03,0.09,7.585775750291835,12.589254117941689,0.9332543007969925,0.0676082975391982,0.0023988329190194,0.9120108393559097,8.128305161640977,13.489628825916531,1.0715193052376049,0.0724435960074989,0.0025703957827688,0.9772372209558092,0.6025595860743568,0.0741310241300917,0.079432823472428,0.0053703179637025,0.0001905460717963,0.0724435960074989,0.9521595054440144,0.9854947259882676,0.9980026631158456,0.9985682288565676,0.9614030693882094,0.98781098680915,0.990608283765942
Gaia DR3 2106994445843935872,0.01,-0.03,0.04,-0.21,-0.04,-0.17,0.01,0.03,,-0.02,-0.03,-0.01,-0.27,,-0.03,0.03,7.244359600749921,18.62087136662866,1.096478196143185,0.0691830970918936,0.0025703957827688,0.9332543007969906,6.606934480075979,16.982436524617427,0.9120108393559097,0.0630957344480193,0.0023442288153199,0.851138038202376,0.389045144994282,0.0588843655355589,0.0537031796370253,0.0037153522909717,0.0001380384264602,0.0501187233627272,0.9933861512970106,0.9964079359554472,0.9995042703567836,0.999433122643916,0.9771414252502332,0.9977875798349728,0.9996055656053208
Gaia DR3 2117369540643692544,0.05,-0.02,-0.01,-0.25,-0.01,-0.18,-0.02,0.07,,0.01,0.12,0.11,-0.15,,-0.02,0.22,6.918309709189378,15.48816618912483,0.954992586021437,0.0707945784384137,0.0025703957827688,0.954992586021435,7.244359600749906,16.218100973589298,1.0471285480508985,0.0741310241300916,0.0026915348039269,0.999999999999998,0.4466835921509635,0.0616595001861482,0.0645654229034654,0.0045708818961487,0.0001659586907437,0.061659500186148,0.924493092691622,0.9697286012526096,0.987452735332021,0.9885953106184032,0.9933364865616828,0.9920790700911812,0.9995236863951226
Gaia DR3 2119132916774654208,0.05,-0.01,-0.07,-0.2,0.01,-0.11,0.03,0.08,,0.02,0.06,0.05,-0.09,,0.03,0.1,6.7608297539198325,12.88249551693135,1.0232929922807557,0.0691830970918936,0.0025118864315095,0.9120108393559097,6.606934480075964,12.589254117941662,0.9772372209558092,0.067608297539198,0.002454708915685,0.8912509381337441,0.5248074602497733,0.0794328234724282,0.0776247116628691,0.0053703179637025,0.0001949844599758,0.0707945784384137,0.9936876428292736,0.9978442880587466,0.9971681014952424,0.9966721894161462,0.9896131056117116,0.9964214102706918,0.9974407144218465
Gaia DR3 2119607145587563136,-0.02,-0.05,-0.06,-0.17,-0.06,-0.11,-0.03,0.0,,-0.04,0.02,0.02,-0.17,,-0.03,-0.01,7.244359600749892,15.488166189124795,1.0471285480508985,0.067608297539198,0.0025703957827688,0.9120108393559097,6.918309709189363,14.791083881682074,0.9549925860214368,0.0645654229034655,0.002454708915685,0.8709635899560815,0.4677351412871981,0.0676082975391981,0.0645654229034656,0.0043651583224016,0.0001659586907437,0.0588843655355589,0.9967983072789788,0.9981632482676092,0.9759237490971406,0.9803829853581096,0.9946593232361164,0.9997913914192336,0.9984352251234812
Gaia DR3 2119635153070609920,-0.13,-0.1,-0.09,-0.31,-0.12,-0.21,-0.13,-0.09,,-0.08,-0.15,-0.14,-0.36,,-0.13,-0.16,7.413102413009192,16.59586907437563,0.954992586021437,0.0630957344480193,0.0026915348039269,0.8128305161640996,7.762471166286927,17.378008287493763,1.0471285480508985,0.0660693448007595,0.0028183829312644,0.8511380382023759,0.4466835921509635,0.0575439937337156,0.0602559586074356,0.0038018939632056,0.0001621810097358,0.0489778819368445,0.9583217405820488,0.9703618114237188,0.9773342594298836,0.9760671422101448,0.9950152466617468,0.9948122392211404,0.997617102396514
Gaia DR3 2125795166969907968,-0.06,-0.09,0.0,-0.29,-0.15,-0.3,-0.15,0.01,,-0.04,-0.26,-0.08,-0.4,,-0.14,0.1,8.128305161641011,21.87761623949556,0.9772372209558112,0.0851138038202375,0.0031622776601683,1.023292992280756,8.317637711026727,22.387211385683425,1.0232929922807537,0.0870963589956079,0.0032359365692962,1.0471285480509007,0.3715352290971728,0.0446683592150962,0.0457088189614874,0.0038904514499427,0.0001445439770745,0.0467735141287198,0.9887624803308592,0.9867234468937875,0.943733072418145,0.9430564614468424,0.9832679083493416,0.9270119654793836,0.9903903740403984
Gaia DR3 2127704842568104320,-0.02,-0.18,-0.24,-0.27,-0.12,-0.35,-0.08,0.07,,0.0,-0.01,-0.0,-0.23,,-0.12,0.02,6.165950018614835,11.748975549395304,1.071519305237607,0.0912010839355909,0.0032359365692962,1.0471285480509007,5.754399373371578,10.964781961431852,0.9332543007969905,0.0851138038202376,0.003019951720402,0.9772372209558112,0.5248074602497733,0.0912010839355909,0.0851138038202375,0.0077624711662869,0.0002754228703338,0.0891250938133745,0.9736355419592576,0.9712787909207518,0.9956684832613774,0.9961885600124688,0.9772319004052304,0.9831950323011808,0.9949904028097306
Gaia DR3 2127832695152371584,0.06,0.01,-0.07,-0.04,0.06,-0.02,0.05,0.1,,0.08,0.16,0.09,-0.03,,0.09,-0.07,6.309573444801942,11.48153621496884,0.9549925860214368,0.0645654229034655,0.0025703957827688,0.8317637711026709,6.606934480075965,12.022644346174133,1.0471285480508985,0.067608297539198,0.0026915348039269,0.8709635899560797,0.5495408738576247,0.083176377110267,0.0870963589956079,0.0056234132519034,0.0002238721138568,0.0724435960074989,0.9759704251386322,0.975006613848703,0.9949146540123238,0.9955957742090804,0.9058928347695347,0.992422873190874,0.9958060431106088
Gaia DR3 2128191964879794560,-0.12,-0.1,-0.11,-0.25,-0.17,-0.21,-0.13,0.01,,-0.08,0.16,-0.11,-0.29,,-0.2,-0.05,8.317637711026727,17.782794100389268,1.071519305237607,0.0891250938133744,0.003019951720402,0.9332543007969906,7.762471166286927,16.59586907437563,0.9332543007969905,0.0831763771102669,0.0028183829312644,0.8709635899560796,0.4677351412871981,0.0602559586074356,0.0562341325190347,0.0050118723362727,0.0001698243652461,0.0524807460249771,0.9796565830851864,0.97629870581203,0.9471932706468787,0.9399923611209348,0.9849878260869566,0.9784270662478108,0.9945527093461888
Gaia DR3 2128525907175071872,-0.03,-0.04,-0.04,-0.25,-0.05,-0.2,-0.06,0.0,,-0.06,0.01,-0.01,-0.23,,-0.1,0.01,7.24435960074992,15.848931924611174,0.9549925860214368,0.0660693448007595,0.0023988329190194,0.8709635899560796,7.585775750291851,16.59586907437563,1.0471285480508985,0.0691830970918934,0.0025118864315095,0.9120108393559078,0.4570881896148751,0.0602559586074356,0.0630957344480191,0.0041686938347033,0.0001513561248436,0.0549540873857622,0.9748327049625064,0.989859930730391,0.9989378726296856,0.999205718824464,0.998886104149262,0.9999025748086292,0.9997685216704566
Gaia DR3 2128586655192626048,0.11,0.0,0.17,-0.09,-0.02,-0.08,-0.0,0.2,,0.14,-0.06,0.09,-0.16,,0.06,0.19,7.413102413009176,23.9883291901949,1.0232929922807537,0.0977237220955809,0.0035481338923357,1.122018454301963,7.244359600749906,23.44228815319923,0.9772372209558112,0.0954992586021434,0.0034673685045253,1.096478196143185,0.3090295432513592,0.0426579518801592,0.0416869383470335,0.0040738027780411,0.0001479108388168,0.0467735141287198,0.9477883129359675,0.9647191449089796,0.9552869747779952,0.9511366050562992,0.950158756684492,0.9387882834014856,0.9820055619172255
Gaia DR3 2129299035647555968,0.03,-0.04,0.11,-0.16,-0.03,-0.16,0.01,0.06,,0.03,0.02,0.04,-0.26,,-0.04,0.1,6.918309709189391,21.379620895022324,1.071519305237607,0.0724435960074989,0.0028183829312644,0.9549925860214368,6.456542290346576,19.95262314968879,0.9332543007969906,0.067608297539198,0.0026302679918953,0.8912509381337459,0.3235936569296294,0.0501187233627272,0.0467735141287198,0.003388441561392,0.0001318256738556,0.0446683592150963,0.9640606085903912,0.9803087783660592,0.9841161884520014,0.9877257136377808,0.979041999499012,0.9946445214149592,0.9994418047405752
Gaia DR3 2129520930836942848,-0.04,-0.04,-0.02,-0.18,-0.06,-0.13,-0.07,-0.02,,-0.04,-0.05,-0.06,-0.2,,-0.02,-0.04,7.413102413009192,16.98243652461746,0.9549925860214348,0.0645654229034655,0.0025703957827688,0.8709635899560796,7.762471166286943,17.782794100389264,1.0471285480509007,0.0676082975391982,0.0026915348039269,0.9120108393559097,0.4365158322401665,0.0562341325190347,0.0588843655355588,0.0038018939632056,0.0001513561248436,0.0512861383991363,0.9914038918948994,0.9969405351282192,0.924952164977677,0.9307919797370916,0.9926966682896292,0.9970533046076864,0.999277820926842
Gaia DR3 2129524121993184768,0.04,-0.1,0.12,-0.21,-0.05,-0.43,-0.02,0.03,,0.03,0.05,-0.01,-0.29,,-0.04,-0.04,6.309573444801943,22.9086765276777,1.0471285480509007,0.0707945784384137,0.0029512092266663,1.0232929922807537,6.025595860743581,21.87761623949547,0.9549925860214348,0.067608297539198,0.0028183829312644,0.9772372209558092,0.2754228703338175,0.0457088189614876,0.0436515832240166,0.0030902954325135,0.0001288249551693,0.0446683592150963,0.9252659130144232,0.952609469760196,0.9997308819988384,0.9996175312349492,0.977896712309724,0.9798220328361952,0.996568300355426
Gaia DR3 2129804600536996480,0.01,0.05,0.02,-0.17,-0.06,-0.33,-0.05,0.04,,-0.04,-0.01,0.03,-0.2,,-0.08,0.11,9.120108393559116,18.620871366628656,1.0,0.0741310241300916,0.0025703957827688,0.9772372209558092,9.120108393559116,18.620871366628656,1.0,0.0741310241300916,0.0025703957827688,0.9772372209558092,0.4897788193684477,0.0537031796370253,0.0537031796370253,0.0039810717055349,0.0001380384264602,0.0524807460249772,0.981804039225491,0.9939373713777184,0.9387321850630512,0.9512032748339212,0.9931400105752372,0.9475507450020172,0.9966368476233268
Gaia DR3 2131060521993182976,0.12,0.0,-0.12,-0.04,-0.01,-0.04,0.01,0.25,,0.12,0.15,0.12,-0.05,,0.08,0.13,7.244359600749906,12.022644346174156,1.0232929922807537,0.1071519305237604,0.0033113112148259,1.1220184543019631,7.079457843841388,11.748975549395327,0.9772372209558112,0.1047128548050898,0.0032359365692962,1.096478196143185,0.6025595860743569,0.0851138038202374,0.0831763771102669,0.0089125093813374,0.0002754228703338,0.0933254300796988,0.9129702570669042,0.9241218059344208,0.977727053619531,0.9761004150905974,0.9911752014810072,0.9239939350943815,0.978072620002447
Gaia DR3 2131133261560058496,-0.01,-0.09,-0.02,-0.24,-0.11,-0.23,-0.08,0.01,,0.01,-0.06,0.02,-0.22,,-0.11,0.04,7.413102413009192,19.054607179632523,1.0471285480509007,0.0776247116628691,0.0032359365692962,1.0471285480509007,7.079457843841388,18.197008586099862,0.9549925860214348,0.0741310241300916,0.0030902954325135,1.0,0.3890451449942804,0.0549540873857623,0.0524807460249771,0.0040738027780411,0.0001698243652461,0.0549540873857623,0.9925299428269369,0.9909965071457396,0.9768170159701852,0.9829519710013592,0.9617991288253058,0.9925845541689274,0.9997277392831376
Gaia DR3 2131314401800665344,-0.02,0.0,-0.1,-0.23,-0.05,-0.21,-0.02,0.03,,-0.03,-0.02,-0.03,-0.18,,-0.07,0.11,7.943282347242821,13.803842646028867,1.0471285480509007,0.0707945784384137,0.0025703957827688,0.8912509381337459,7.585775750291836,13.182567385564074,0.9549925860214348,0.067608297539198,0.002454708915685,0.8511380382023759,0.5754399373371566,0.0758577575029183,0.0724435960074989,0.0051286138399136,0.0001862087136662,0.0645654229034655,0.9697437824447136,0.9754141723513852,0.9791527897847252,0.9794135553384588,0.939313322654781,0.9706238769796498,0.9975906894439528
Gaia DR3 2131925768924347904,0.12,0.06,0.05,-0.03,0.05,-0.03,0.07,0.16,,0.09,0.14,0.14,0.0,,0.09,0.11,7.24435960074992,15.488166189124858,1.0232929922807557,0.0758577575029183,0.0026915348039269,0.9772372209558112,7.079457843841388,15.135612484362102,0.9772372209558092,0.0741310241300916,0.0026302679918953,0.9549925860214348,0.4677351412871981,0.0660693448007595,0.0645654229034653,0.0048977881936844,0.0001737800828749,0.0630957344480191,0.9937008092999972,0.9966731625835188,0.9990794505027616,0.999447145712544,0.9712369369494732,0.9973549393028176,0.99950953010259
Gaia DR3 2132552456193741568,0.04,0.04,0.1,-0.12,-0.04,-0.16,-0.0,0.05,,0.02,0.1,0.02,-0.08,,0.0,0.07,8.51138038202376,21.379620895022324,1.071519305237607,0.0724435960074989,0.0028183829312644,1.0,7.943282347242805,19.952623149688787,0.9332543007969906,0.067608297539198,0.0026302679918953,0.9332543007969906,0.3981071705534969,0.0501187233627272,0.0467735141287198,0.003388441561392,0.0001318256738556,0.0467735141287198,0.9546743785106502,0.9856169147308388,0.9170150353564698,0.9324551847083292,0.9930339265850946,0.9363961531502694,0.9989112387381256
Gaia DR3 2133230786147644928,-0.07,-0.06,-0.07,-0.31,-0.12,-0.27,-0.1,0.0,,-0.06,-0.11,-0.05,-0.27,,-0.15,0.14,8.128305161640995,17.378008287493763,1.0232929922807557,0.0776247116628691,0.0028183829312644,0.9332543007969906,7.943282347242805,16.982436524617427,0.9772372209558092,0.0758577575029182,0.0027542287033381,0.912010839355908,0.467735141287198,0.0588843655355589,0.0575439937337156,0.0044668359215096,0.0001621810097358,0.0537031796370252,0.995412461422971,0.9948613683521564,0.9571147615207212,0.9503976677705132,0.996727839817316,0.9881495113416148,0.9996733405016944
Gaia DR3 2178963941519859456,0.04,0.03,0.08,-0.11,-0.01,-0.11,0.01,0.06,,-0.01,0.06,0.03,-0.15,,0.01,0.05,7.762471166286912,19.054607179632484,1.0232929922807537,0.0691830970918934,0.002454708915685,0.9332543007969906,7.585775750291837,18.62087136662869,0.9772372209558112,0.067608297539198,0.0023988329190194,0.9120108393559097,0.4073802778041122,0.0537031796370252,0.0524807460249772,0.003630780547701,0.0001288249551693,0.0489778819368445,0.9065198017044503,0.9749850522129676,0.9803077707150644,0.984769272183732,0.9783561224631734,0.99884483166553,0.9992789998503584
Gaia DR3 2263805213647285248,0.06,0.02,0.08,-0.04,0.02,-0.03,-0.0,0.05,0.2,0.07,0.15,0.06,-0.11,0.07,0.03,-0.06,7.079457843841388,17.782794100389264,0.9332543007969925,0.0630957344480193,0.0027542287033381,0.9120108393559097,7.585775750291837,19.054607179632484,1.0715193052376049,0.067608297539198,0.0029512092266663,0.9772372209558092,0.3981071705534969,0.0524807460249772,0.0562341325190347,0.0035481338923357,0.0001548816618912,0.0512861383991363,0.9432286446152132,0.9861628747844468,0.9766486241392014,0.9866173322559152,0.9674233983286908,0.998303434849117,0.9991692655490336
Gaia DR3 2838213864935858816,-0.03,-0.1,-0.05,-0.27,-0.11,-0.22,-0.09,0.04,,-0.05,-0.01,-0.02,-0.23,,-0.12,0.03,7.244359600749921,17.78279410038923,1.023292992280756,0.0831763771102671,0.0028183829312644,1.0,7.079457843841388,17.378008287493728,0.9772372209558092,0.0812830516164098,0.0027542287033381,0.9772372209558092,0.4073802778041139,0.0575439937337157,0.0562341325190349,0.0046773514128719,0.0001584893192461,0.0562341325190349,0.9912757934575408,0.9908738053171212,0.9880254777070064,0.9877209381373216,0.9800842802108396,0.9955500549290096,0.996499305309614
Gaia DR3 3070964117005860736,0.0,-0.06,0.08,-0.2,-0.08,-0.18,-0.04,0.09,,0.03,-0.06,0.01,-0.23,,-0.11,0.07,7.413102413009177,22.387211385683425,1.071519305237607,0.0870963589956079,0.0031622776601683,1.0,6.918309709189362,20.89296130854041,0.9332543007969905,0.0812830516164098,0.0029512092266663,0.9332543007969905,0.3311311214825907,0.0478630092322638,0.0446683592150962,0.0038904514499427,0.0001412537544622,0.0446683592150962,0.969934239857334,0.9822437449556094,0.9514430853931948,0.9595342190528744,0.9519109121494808,0.9968126270077666,0.994761049423035
Gaia DR3 3276255758388363648,-0.04,-0.08,-0.13,-0.26,-0.11,-0.19,-0.05,0.0,,-0.07,-0.06,-0.02,-0.19,,-0.11,0.05,7.585775750291852,14.791083881682072,1.1220184543019651,0.0758577575029183,0.0026915348039269,0.9772372209558112,6.760829753919818,13.182567385564049,0.891250938133744,0.067608297539198,0.0023988329190194,0.8709635899560796,0.5128613839913658,0.0758577575029185,0.0676082975391981,0.0051286138399136,0.0001819700858609,0.0660693448007596,0.9740819533085832,0.9758332522213108,0.9408387771839032,0.9340550624682006,0.995710485634305,0.987587320141382,0.9972655293445432
Gaia DR3 3426117131673547392,-0.15,-0.13,-0.11,-0.3,-0.16,-0.3,-0.18,-0.13,,-0.1,-0.14,-0.15,-0.45,,-0.2,-0.17,7.585775750291836,17.3780082874938,0.9332543007969926,0.0630957344480193,0.0028183829312644,0.851138038202376,8.128305161640977,18.62087136662869,1.0715193052376046,0.067608297539198,0.003019951720402,0.9120108393559078,0.4365158322401647,0.0537031796370252,0.0575439937337155,0.003630780547701,0.0001621810097358,0.0489778819368444,0.9574628008295868,0.9796216238757836,0.9198611701374132,0.9389981604641292,0.9961296969190716,0.9979129273281296,0.9999455397015576
Gaia DR3 377245055126435072,0.09,0.05,0.06,-0.17,-0.02,-0.28,0.04,0.13,,0.1,0.18,0.08,-0.19,,-0.03,0.08,8.317637711026727,18.62087136662869,1.122018454301963,0.0831763771102669,0.0032359365692962,1.0715193052376049,7.413102413009193,16.59586907437563,0.8912509381337459,0.0741310241300916,0.0028840315031266,0.954992586021435,0.4466835921509635,0.0602559586074356,0.0537031796370252,0.0044668359215096,0.0001737800828749,0.0575439937337155,0.9532245943162524,0.967373028555548,0.99369956109302,0.996608253250424,0.9973126888427852,0.9292021860963162,0.999469265000068
Gaia DR3 65284469269256704,0.05,-0.04,-0.01,-0.21,-0.05,-0.14,-0.01,0.1,,0.0,0.0,0.05,-0.11,,-0.03,0.14,7.24435960074992,16.982436524617462,1.071519305237607,0.0831763771102669,0.0027542287033381,1.0471285480508985,6.7608297539198325,15.848931924611142,0.9332543007969906,0.0776247116628689,0.0025703957827688,0.9772372209558092,0.4265795188015934,0.0630957344480193,0.0588843655355588,0.0048977881936844,0.0001621810097358,0.061659500186148,0.9986103583885716,0.9976181853636794,0.9729308390022676,0.9700126307423754,0.968338427340928,0.9809790170868816,0.9973317360052276
Gaia DR3 736174028943041920,0.16,0.03,-0.04,-0.01,0.06,-0.01,0.09,0.16,0.25,0.11,0.17,0.14,-0.01,0.04,0.14,0.23,6.606934480075965,12.302687708123862,1.0471285480509007,0.0741310241300917,0.0027542287033381,1.0471285480509007,6.30957344480193,11.748975549395327,0.9549925860214348,0.0707945784384137,0.0026302679918953,1.0,0.537031796370251,0.0851138038202374,0.0812830516164096,0.0060255958607435,0.0002238721138568,0.0851138038202374,0.9193447368787316,0.9239381380211956,0.9683751980085992,0.9675504102251632,0.9870595593856418,0.9319753447148365,0.9981210941222922
HIP 10510,0.07,0.01,0.0,-0.17,0.0,-0.1,0.01,0.1,,0.02,0.05,0.09,-0.06,,0.06,0.16,7.244359600749906,15.488166189124827,1.0,0.0741310241300916,0.0025703957827688,0.9772372209558112,7.244359600749906,15.488166189124827,1.0,0.0741310241300916,0.0025703957827688,0.9772372209558112,0.4677351412871982,0.0645654229034655,0.0645654229034655,0.0047863009232263,0.0001659586907437,0.0630957344480193,0.9972457538705504,0.998985138535541,0.9980030874251158,0.9983010292930866,0.9832215698823006,0.997718832153339,0.9995918089665964
HIP 105918,0.02,0.02,-0.03,-0.17,0.01,-0.14,-0.01,0.08,,0.03,0.08,0.07,-0.17,,-0.04,0.16,7.244359600749906,14.125375446227585,0.9332543007969925,0.0691830970918936,0.0025703957827688,0.851138038202376,7.762471166286912,15.135612484362102,1.0715193052376049,0.0741310241300916,0.0027542287033381,0.912010839355908,0.5128613839913638,0.0660693448007595,0.0707945784384136,0.0048977881936844,0.0001819700858609,0.0602559586074355,0.964743054395635,0.9642792485412286,0.9509734563359556,0.961834768667622,0.9612505565449688,0.994165239308741,0.9908284345743524
HIP 10679,0.09,0.03,0.04,-0.1,0.01,-0.05,0.02,0.11,,0.09,0.12,0.09,-0.1,,0.01,0.1,7.413102413009177,16.5958690743756,1.0,0.0741310241300917,0.0029512092266663,1.0,7.413102413009177,16.5958690743756,1.0,0.0741310241300917,0.0029512092266663,1.0,0.4466835921509634,0.0602559586074358,0.0602559586074358,0.0044668359215096,0.0001778279410038,0.0602559586074358,0.991295143386398,0.9960072898262404,0.9825430759864648,0.9882554614229452,0.9935647425897036,0.9960489155386136,0.9997822181085644
HIP 106913,0.15,0.12,0.02,0.0,0.1,0.03,0.11,0.17,,0.1,0.17,0.16,0.06,,0.16,0.14,7.413102413009176,12.88249551693135,1.000000000000002,0.0691830970918936,0.002454708915685,0.9332543007969925,7.413102413009161,12.882495516931325,0.999999999999998,0.0691830970918934,0.002454708915685,0.9332543007969906,0.5754399373371566,0.0776247116628692,0.0776247116628691,0.0053703179637025,0.0001905460717963,0.072443596007499,0.9087406995341076,0.9627641077712712,0.9925913334183276,0.9952265612827376,0.989816643944242,0.9904663818179288,0.9995371567813338
HIP 107457,0.07,0.0,-0.02,-0.16,-0.04,-0.13,-0.0,0.1,,0.0,0.07,0.08,-0.08,,0.01,0.15,7.762471166286928,16.218100973589333,1.071519305237607,0.0812830516164098,0.0026915348039269,1.071519305237607,7.244359600749906,15.135612484362104,0.9332543007969906,0.0758577575029182,0.0025118864315095,1.0,0.478630092322638,0.0660693448007595,0.061659500186148,0.0050118723362727,0.0001659586907437,0.0660693448007595,0.9964241488221952,0.9974819493329252,0.9828307970809528,0.9829228196479692,0.9651130415413745,0.961424084933715,0.9960282916213276
HIP 114424,0.14,0.09,0.06,0.0,0.09,0.02,0.1,0.14,,0.09,0.15,0.14,0.02,,0.1,0.13,7.079457843841387,14.454397707459307,1.0,0.0660693448007595,0.002454708915685,0.9332543007969905,7.079457843841387,14.454397707459307,1.0,0.0660693448007595,0.002454708915685,0.9332543007969905,0.4897788193684456,0.0691830970918934,0.0691830970918934,0.0045708818961487,0.0001698243652461,0.0645654229034653,0.963584966091546,0.98645167578707,0.9583640174474594,0.9731126465424478,0.9757166103392164,0.9958926234301468,0.9991419932993764
HIP 12638,-0.02,-0.03,-0.15,-0.26,-0.08,-0.19,-0.06,0.0,,-0.08,-0.04,-0.02,-0.2,,-0.08,0.09,7.943282347242839,13.182567385564074,1.023292992280756,0.0707945784384137,0.002454708915685,0.9549925860214368,7.762471166286928,12.88249551693132,0.9772372209558092,0.0691830970918934,0.0023988329190194,0.9332543007969905,0.6025595860743594,0.0776247116628692,0.0758577575029183,0.0053703179637025,0.0001862087136662,0.072443596007499,0.9771996492253728,0.9894631209232312,0.9675910836509984,0.9691531286325876,0.9641802273740526,0.927300033374124,0.997059704336936
HIP 12685,-0.09,-0.07,-0.13,-0.32,-0.13,-0.25,-0.12,-0.04,,-0.1,-0.02,-0.07,-0.31,,-0.16,0.02,8.128305161640997,15.488166189124795,1.0,0.0724435960074989,0.0026302679918953,0.9120108393559097,8.128305161640997,15.488166189124795,1.0,0.0724435960074989,0.0026302679918953,0.9120108393559097,0.5248074602497734,0.0645654229034656,0.0645654229034656,0.0046773514128719,0.0001698243652461,0.0588843655355589,0.9658275636292716,0.9786473900048656,0.9897013825929284,0.9893757171390932,0.9014850246113628,0.9873741943566686,0.9962307284083332
HIP 20218,-0.02,-0.04,-0.08,-0.26,-0.04,-0.14,-0.06,0.03,,-0.07,-0.06,-0.0,-0.22,,-0.06,0.09,7.079457843841402,14.125375446227554,0.9332543007969925,0.0691830970918936,0.0022908676527677,0.8709635899560815,7.585775750291851,15.13561248436207,1.0715193052376049,0.0741310241300916,0.002454708915685,0.9332543007969905,0.5011872336272735,0.0660693448007596,0.0707945784384137,0.0048977881936844,0.0001621810097358,0.0616595001861482,0.9221082803434024,0.958939014202172,0.9661489277428846,0.96476381852659,0.96768357178645,0.9982757182189838,0.9915804077857424
HIP 21988,-0.14,-0.1,-0.08,-0.25,-0.1,-0.17,-0.11,-0.1,,-0.09,-0.07,-0.17,-0.37,,-0.17,-0.21,7.079457843841388,16.218100973589298,0.9549925860214348,0.0588843655355588,0.0025118864315095,0.7585775750291835,7.413102413009192,16.982436524617462,1.0471285480509007,0.0616595001861482,0.0026302679918953,0.7943282347242822,0.4365158322401665,0.0588843655355588,0.0616595001861482,0.003630780547701,0.0001548816618912,0.0467735141287198,0.977752098792933,0.9777079364196416,0.9601018675721562,0.9641582644159964,0.9689683003534552,0.9899695329781166,0.9997548184975822
HIP 22787,0.08,-0.01,-0.05,-0.04,0.04,-0.0,0.06,0.06,,0.07,0.1,0.07,-0.05,0.1,0.09,0.13,6.309573444801942,12.589254117941662,1.0232929922807537,0.0616595001861481,0.0026302679918953,0.9120108393559097,6.165950018614835,12.30268770812381,0.9772372209558112,0.0602559586074356,0.0025703957827688,0.8912509381337458,0.5011872336272735,0.0812830516164099,0.0794328234724282,0.0048977881936844,0.0002089296130854,0.072443596007499,0.9800384465370257,0.984615170416574,0.9858461886514996,0.9828238059500716,0.9218841346287688,0.9804249390456288,0.9976174916952568
HIP 24864,-0.06,-0.03,-0.02,-0.19,-0.05,-0.18,-0.06,0.02,,-0.01,-0.02,-0.04,-0.3,,-0.1,0.04,7.413102413009192,16.59586907437563,0.9549925860214368,0.0691830970918934,0.0026915348039269,0.8128305161640995,7.762471166286928,17.378008287493763,1.0471285480508985,0.0724435960074987,0.0028183829312644,0.851138038202376,0.4466835921509635,0.0575439937337156,0.0602559586074356,0.0041686938347033,0.0001621810097358,0.0489778819368445,0.991413501816107,0.9581271200578324,0.9756118286879674,0.96767745502488,0.9952422024985392,0.9793207168818148,0.9962968509618656
HIP 25033,-0.13,-0.1,-0.1,-0.34,-0.17,-0.27,-0.19,-0.11,,-0.12,-0.05,-0.16,-0.42,,-0.21,-0.03,8.317637711026727,18.197008586099862,0.9332543007969906,0.067608297539198,0.0027542287033381,0.9120108393559098,8.912509381337477,19.498445997580493,1.0715193052376069,0.0724435960074989,0.0029512092266663,0.9772372209558112,0.4570881896148752,0.0512861383991363,0.0549540873857623,0.0037153522909717,0.0001513561248436,0.0501187233627271,0.9656791052052428,0.97147863331062,0.9609745061719668,0.9619167753273996,0.9910428217201126,0.9808933175388476,0.9989100965926896
HIP 28902,-0.09,-0.13,-0.11,-0.33,-0.13,-0.25,-0.11,-0.06,,-0.13,-0.12,-0.1,-0.28,,-0.15,0.03,7.079457843841373,16.218100973589333,1.0232929922807537,0.0691830970918936,0.002454708915685,0.9120108393559097,6.918309709189362,15.848931924611176,0.9772372209558112,0.0676082975391982,0.0023988329190194,0.8912509381337459,0.4365158322401647,0.0630957344480191,0.061659500186148,0.0042657951880159,0.0001513561248436,0.0562341325190347,0.9017911861385036,0.9470412799286452,0.9188469815381132,0.9146125136588756,0.996671726385272,0.9997219634938068,0.9993326523663604
HIP 30023,0.08,0.05,0.08,-0.05,0.03,-0.06,0.04,0.09,,0.06,0.08,0.08,-0.1,,0.02,0.09,7.413102413009193,17.378008287493763,1.0,0.067608297539198,0.0026302679918953,0.9332543007969905,7.413102413009193,17.378008287493763,1.0,0.067608297539198,0.0026302679918953,0.9332543007969905,0.4265795188015934,0.0575439937337156,0.0575439937337156,0.0038904514499427,0.0001513561248436,0.0537031796370252,0.98330641568278,0.9927619788555312,0.963013310676862,0.9768497503404447,0.9939355161765934,0.9978394201282408,0.9999864080573037
HIP 34271,0.18,0.06,-0.05,-0.13,0.05,-0.05,0.06,0.16,,0.08,0.1,0.13,-0.03,,0.08,0.22,7.24435960074992,12.30268770812381,1.0,0.0758577575029183,0.0026302679918953,1.122018454301963,7.24435960074992,12.30268770812381,1.0,0.0758577575029183,0.0026302679918953,1.122018454301963,0.5888436553555908,0.0812830516164099,0.0812830516164099,0.0061659500186148,0.0002137962089502,0.0912010839355909,0.9904104815666596,0.9818829488214176,0.9904841591740648,0.9877780771030356,0.984262495995989,0.9064225030937584,0.9916976810764386
HIP 35093,-0.14,-0.15,-0.1,-0.31,-0.18,-0.3,-0.17,-0.07,,-0.12,-0.14,-0.16,-0.39,,-0.18,-0.09,7.585775750291835,18.62087136662869,1.0,0.0758577575029182,0.0028183829312644,0.9120108393559097,7.585775750291835,18.62087136662869,1.0,0.0758577575029182,0.0028183829312644,0.9120108393559097,0.4073802778041122,0.0537031796370252,0.0537031796370252,0.0040738027780411,0.0001513561248436,0.0489778819368445,0.9432633000570848,0.9632400055718068,0.9161806342015856,0.930407763684345,0.9956189151599444,0.9996245045546208,0.9995374086722268
HIP 35145,0.04,0.03,-0.02,-0.08,0.04,-0.01,0.04,0.06,,0.03,0.07,0.04,-0.05,,0.06,0.08,6.918309709189363,13.48962882591656,0.9772372209558112,0.0616595001861481,0.0023988329190194,0.8317637711026709,7.079457843841373,13.803842646028867,1.0232929922807537,0.0630957344480191,0.002454708915685,0.8511380382023759,0.5128613839913638,0.0724435960074989,0.0741310241300916,0.0045708818961487,0.0001778279410038,0.061659500186148,0.9558899338209684,0.94557624335532,0.9626877291321642,0.9525482308280688,0.92455974668074,0.9953650864348746,0.992979496319678
HIP 3712,0.0,0.01,-0.02,-0.1,-0.01,-0.11,0.01,0.02,,0.02,0.04,-0.02,-0.26,-0.0,-0.0,-0.06,7.413102413009177,15.135612484362104,1.0232929922807537,0.0630957344480191,0.0026302679918953,0.851138038202376,7.244359600749906,14.791083881682102,0.9772372209558112,0.061659500186148,0.0025703957827688,0.8317637711026709,0.4897788193684456,0.067608297539198,0.0660693448007595,0.0041686938347033,0.0001737800828749,0.0562341325190347,0.9756573083778968,0.9360959256631752,0.906446318410776,0.9251588742623696,0.9954487250862932,0.9991778607658436,0.9995237576879116
HIP 37170,0.06,0.01,0.01,-0.19,-0.04,-0.19,-0.02,0.12,,0.06,0.07,0.07,-0.16,,-0.05,0.13,7.943282347242822,17.378008287493763,1.023292992280756,0.0851138038202376,0.0030902954325135,1.0471285480508985,7.762471166286911,16.982436524617423,0.9772372209558092,0.0831763771102669,0.003019951720402,1.0232929922807514,0.4570881896148752,0.0588843655355589,0.0575439937337156,0.0048977881936844,0.0001778279410038,0.0602559586074356,0.9855674124432308,0.9940278145142204,0.9857469047382678,0.987812990983595,0.9573008695652174,0.9233324992354104,0.997101370384987
HIP 4041,-0.01,-0.08,-0.09,-0.19,-0.06,-0.11,-0.05,0.06,,-0.04,0.04,-0.01,-0.16,,-0.04,0.09,6.760829753919818,14.45439770745928,1.0,0.0776247116628689,0.0025703957827688,0.9332543007969905,6.760829753919818,14.45439770745928,1.0,0.0776247116628689,0.0025703957827688,0.9332543007969905,0.467735141287198,0.0691830970918936,0.0691830970918936,0.0053703179637025,0.0001778279410038,0.0645654229034655,0.9639774859287056,0.9825237049189444,0.9087250414499696,0.915741252889702,0.977456679553862,0.9991505716235222,0.9992513034126952
HIP 41022,0.28,0.25,0.19,0.13,0.22,0.27,0.2,0.3,,0.22,0.22,0.21,0.18,,0.33,0.19,7.585775750291851,14.45439770745928,0.9332543007969925,0.0707945784384137,0.002454708915685,0.9549925860214368,8.128305161640995,15.488166189124795,1.0715193052376049,0.0758577575029182,0.0026302679918953,1.0232929922807537,0.5248074602497733,0.0645654229034656,0.0691830970918936,0.0048977881936844,0.0001698243652461,0.0660693448007596,0.937599131814008,0.9623337229364948,0.9300768588373508,0.9089453473708076,0.9128886911053012,0.971736316954035,0.9917359872568108
HIP 48423,0.14,0.06,0.04,-0.08,0.02,-0.02,0.06,0.2,,0.09,0.06,0.07,-0.01,,0.1,0.19,7.762471166286943,16.2181009735893,1.071519305237607,0.0891250938133745,0.0028840315031266,1.096478196143185,7.24435960074992,15.135612484362072,0.9332543007969905,0.083176377110267,0.0026915348039269,1.0232929922807537,0.4786300923226399,0.0660693448007596,0.0616595001861482,0.0054954087385762,0.0001778279410038,0.0676082975391981,0.9915554875419096,0.9943403835189744,0.9917957292448952,0.9904643155702284,0.96805031796613,0.945449992348252,0.987893726253864
HIP 49350,0.1,-0.0,-0.03,-0.16,-0.01,-0.06,0.01,0.09,,0.01,0.1,-0.02,-0.08,,0.03,0.1,7.244359600749906,14.791083881682102,1.0232929922807537,0.0741310241300916,0.0025703957827688,1.0715193052376049,7.079457843841388,14.454397707459307,0.9772372209558112,0.0724435960074989,0.0025118864315095,1.0471285480508985,0.4897788193684456,0.0691830970918934,0.067608297539198,0.0050118723362727,0.0001737800828749,0.0724435960074987,0.9793931978086152,0.9872112440857224,0.9893943899296264,0.9901998326454778,0.9697218358831712,0.9651611644532392,0.986816505897879
HIP 49366,-0.04,-0.11,-0.15,-0.22,-0.11,-0.22,-0.04,-0.02,,-0.07,-0.04,-0.09,-0.26,,-0.14,-0.04,7.079457843841403,14.125375446227554,1.1481536214968842,0.072443596007499,0.0026915348039269,0.9772372209558112,6.165950018614835,12.30268770812381,0.8709635899560796,0.0630957344480193,0.0023442288153199,0.8511380382023759,0.5011872336272736,0.0812830516164099,0.0707945784384137,0.0051286138399136,0.0001905460717963,0.0691830970918936,0.9720791693344096,0.9715554689240364,0.9594041021134248,0.9659134431252394,0.9698834602692804,0.954727753794736,0.9971679873648668
HIP 51260,0.01,-0.18,0.06,-0.17,-0.09,-0.22,-0.03,0.1,,0.07,0.05,0.01,-0.31,,-0.08,0.08,5.754399373371578,21.877616239495563,1.122018454301963,0.0912010839355907,0.0035481338923357,1.0471285480508985,5.128613839913658,19.498445997580497,0.8912509381337459,0.0812830516164098,0.0031622776601683,0.9332543007969906,0.2630267991895381,0.0512861383991363,0.0457088189614874,0.0041686938347033,0.0001621810097358,0.0478630092322637,0.9192301800609952,0.9152181476584788,0.9239130434782608,0.9305230620896962,0.931504752362265,0.9728320565048733,0.986987709101798
HIP 5480,-0.01,-0.11,0.05,-0.19,-0.07,-0.41,-0.06,0.04,,0.0,0.03,0.01,-0.33,,-0.13,0.06,6.456542290346575,20.41737944669536,1.000000000000002,0.0758577575029183,0.0028840315031266,0.9549925860214368,6.456542290346562,20.417379446695318,0.999999999999998,0.0758577575029182,0.0028840315031266,0.9549925860214348,0.3162277660168379,0.0489778819368445,0.0489778819368444,0.0037153522909717,0.0001412537544622,0.0467735141287197,0.9789445851540538,0.9909929945513176,0.9823845935995468,0.9879473706573004,0.9439808633733868,0.9970522803114572,0.9987760930169308
HIP 60753,0.13,0.06,0.18,-0.03,0.06,-0.09,0.09,0.18,,0.14,0.06,0.12,-0.07,,0.11,0.2,7.079457843841402,20.417379446695318,1.0471285480509007,0.0776247116628691,0.0029512092266663,0.9772372209558112,6.7608297539198325,19.49844599758045,0.9549925860214348,0.0741310241300916,0.0028183829312644,0.9332543007969905,0.3467368504525324,0.0512861383991364,0.0489778819368445,0.0038018939632056,0.0001445439770745,0.0478630092322638,0.987446767055418,0.991059510567297,0.980992368577832,0.9829760760138,0.9579938439254028,0.9994296921728728,0.9988564894225272
HIP 61205,-0.02,-0.06,-0.05,-0.26,-0.05,-0.11,-0.08,0.02,,-0.04,-0.06,-0.02,-0.23,,-0.09,0.09,6.918309709189362,15.488166189124795,0.9120108393559097,0.0691830970918934,0.0025118864315095,0.8912509381337459,7.585775750291836,16.982436524617427,1.096478196143185,0.0758577575029182,0.0027542287033381,0.9772372209558112,0.4466835921509635,0.0588843655355589,0.0645654229034656,0.0044668359215096,0.0001621810097358,0.0575439937337157,0.90533071600607,0.9633459038978028,0.9351972381006284,0.93799250194525,0.9988731532233384,0.9995270618018944,0.9998638158790684
HIP 6878,0.02,-0.02,0.15,-0.2,-0.02,-0.36,-0.0,0.12,,0.02,0.14,0.08,-0.16,,-0.07,0.08,7.079457843841388,22.90867652767775,1.0232929922807537,0.0812830516164098,0.0026915348039269,0.912010839355908,6.918309709189378,22.387211385683425,0.9772372209558112,0.079432823472428,0.0026302679918953,0.8912509381337442,0.3090295432513592,0.0446683592150962,0.0436515832240165,0.0035481338923357,0.0001174897554939,0.0398107170553496,0.9405698061211708,0.9713827934517588,0.9904455894009738,0.9925494465101156,0.9344116255115392,0.9956694886933274,0.9984077083248276
HIP 73269,0.09,0.01,0.01,-0.09,-0.01,-0.2,0.0,0.09,,0.06,0.06,0.09,-0.19,,-0.02,0.12,7.413102413009177,16.218100973589298,1.0,0.0741310241300916,0.0028840315031266,1.0471285480508985,7.413102413009177,16.218100973589298,1.0,0.0741310241300916,0.0028840315031266,1.0471285480508985,0.4570881896148752,0.0616595001861482,0.0616595001861482,0.0045708818961487,0.0001778279410038,0.0645654229034655,0.9855999776959964,0.9916118604391928,0.9015151515151516,0.9243902439024392,0.9618627560106856,0.95245396635118,0.998257294176912
HIP 74118,0.15,0.1,0.03,0.09,0.1,0.06,0.12,0.16,,0.11,0.17,0.15,0.1,,0.16,0.07,7.079457843841388,13.182567385564075,1.0232929922807557,0.0676082975391981,0.0025118864315095,0.9332543007969925,6.918309709189363,12.882495516931325,0.9772372209558092,0.0660693448007595,0.002454708915685,0.9120108393559097,0.5370317963702533,0.0776247116628692,0.0758577575029183,0.0051286138399136,0.0001905460717963,0.0707945784384138,0.9619906228696244,0.9821168035349536,0.9360090606639768,0.9477150099839972,0.9800122402425794,0.989444846192357,0.9989784382363758
HIP 75104,0.15,0.04,0.25,-0.02,0.06,-0.17,0.11,0.2,,0.12,0.07,0.16,-0.1,,0.07,0.23,6.760829753919818,23.98832919019495,1.096478196143187,0.0812830516164099,0.0028183829312644,1.0232929922807557,6.16595001861481,21.87761623949552,0.912010839355908,0.0741310241300916,0.0025703957827688,0.9332543007969906,0.2818382931264448,0.0457088189614875,0.0416869383470334,0.003388441561392,0.0001174897554939,0.0426579518801592,0.919307794292094,0.948151450143482,0.9416353982300883,0.9499489998299996,0.9633985108899868,0.9939894815927872,0.9991417712207282
HIP 7744,0.05,0.02,-0.02,-0.1,0.04,-0.02,0.04,0.05,,0.03,0.08,0.04,-0.07,,0.05,-0.07,6.760829753919819,13.48962882591656,0.9772372209558112,0.0602559586074356,0.0023988329190194,0.851138038202376,6.918309709189363,13.803842646028867,1.0232929922807537,0.061659500186148,0.002454708915685,0.8709635899560797,0.5011872336272715,0.0724435960074989,0.0741310241300916,0.0044668359215096,0.0001778279410038,0.0630957344480191,0.956221262365891,0.973123442871658,0.9861056086931914,0.9902790176989896,0.9056454192686964,0.985959785709316,0.9954796721400756
HIP 7830,0.1,0.0,-0.05,-0.1,-0.01,-0.07,0.02,0.1,,0.01,0.05,0.07,-0.03,,0.03,0.06,7.244359600749906,14.125375446227526,1.0471285480508985,0.0758577575029182,0.0025703957827688,1.0715193052376049,6.918309709189376,13.489628825916531,0.9549925860214368,0.0724435960074989,0.002454708915685,1.0232929922807537,0.5128613839913658,0.0741310241300917,0.0707945784384138,0.0053703179637025,0.0001819700858609,0.0758577575029183,0.9762080541587153,0.9861719739020351,0.9647065480316296,0.9647120389228332,0.9960606904231626,0.9758712390181418,0.9922222978955254
HIP 795,0.12,0.04,0.06,-0.15,0.01,-0.04,0.04,0.18,,0.1,0.13,0.12,-0.05,,0.03,0.15,7.585775750291835,17.3780082874938,1.0471285480509005,0.0870963589956079,0.003019951720402,1.071519305237607,7.244359600749891,16.59586907437563,0.954992586021435,0.0831763771102669,0.0028840315031266,1.0232929922807537,0.4365158322401647,0.0602559586074356,0.0575439937337155,0.0050118723362727,0.0001737800828749,0.061659500186148,0.969901155506056,0.9778874904387734,0.9974830672643205,0.9976363687830838,0.9501476076421768,0.9828339923149748,0.9955765461672472
HIP 80315,0.01,-0.02,-0.03,-0.2,-0.08,-0.15,-0.01,0.05,,-0.05,-0.01,-0.0,-0.14,,-0.05,0.06,8.128305161641013,17.3780082874938,1.1481536214968842,0.079432823472428,0.0026302679918953,1.0232929922807537,7.079457843841388,15.135612484362102,0.8709635899560796,0.0691830970918934,0.0022908676527677,0.8912509381337441,0.4677351412871982,0.0660693448007595,0.0575439937337155,0.0045708818961487,0.0001513561248436,0.0588843655355587,0.9981234101113444,0.9984134053331848,0.9954066660050752,0.9955602207123504,0.9889911065955936,0.940706019806387,0.999018846326806
HIP 82568,-0.03,-0.07,0.07,-0.14,-0.07,-0.27,-0.04,0.05,,0.05,-0.04,-0.01,-0.36,,-0.09,0.02,7.079457843841388,21.37962089502237,1.0471285480509005,0.0776247116628691,0.0032359365692962,0.9120108393559097,6.760829753919819,20.41737944669532,0.954992586021435,0.0741310241300916,0.0030902954325135,0.8709635899560796,0.3311311214825908,0.0489778819368445,0.0467735141287197,0.003630780547701,0.0001513561248436,0.0426579518801591,0.9737877713348072,0.9853376921471796,0.9764934255270914,0.9792608763449244,0.9684004007346804,0.9994020968325036,0.9990205414229356
HIP 82860,-0.06,-0.02,-0.03,-0.17,-0.09,-0.19,-0.08,-0.02,-0.01,0.02,0.0,-0.06,-0.37,0.07,-0.09,-0.11,8.317637711026727,17.782794100389264,1.0,0.0691830970918936,0.0031622776601683,0.891250938133746,8.317637711026727,17.782794100389264,1.0,0.0691830970918936,0.0031622776601683,0.891250938133746,0.4677351412871982,0.0562341325190347,0.0562341325190347,0.0038904514499427,0.0001778279410038,0.0501187233627271,0.9868164606303598,0.9810375770391908,0.965694123648524,0.9650583305017556,0.9973948174979104,0.9909444985394352,0.9992376181011244
HIP 86456,0.11,0.05,0.01,-0.04,0.03,0.0,0.09,0.14,,0.06,0.09,0.08,-0.01,,0.07,0.07,7.413102413009193,14.791083881682072,1.1220184543019631,0.0758577575029182,0.0026302679918953,1.0,6.606934480075978,13.182567385564072,0.8912509381337458,0.067608297539198,0.0023442288153199,0.8912509381337458,0.5011872336272736,0.0758577575029183,0.0676082975391982,0.0051286138399136,0.0001778279410038,0.0676082975391982,0.9958268417538392,0.997036150613642,0.992820324005891,0.9945652173913044,0.9941327771984706,0.9929119494227904,0.9987333151729774
HIP 96561,0.06,0.03,0.02,-0.09,0.03,-0.04,0.09,0.05,,0.05,0.08,0.07,-0.04,,0.07,0.08,7.079457843841373,15.135612484362072,1.1220184543019631,0.061659500186148,0.0025703957827688,0.8912509381337441,6.30957344480193,13.489628825916531,0.8912509381337458,0.0549540873857623,0.0022908676527677,0.7943282347242805,0.4677351412871981,0.0741310241300917,0.0660693448007596,0.0040738027780411,0.0001698243652461,0.0588843655355588,0.9868397231467684,0.983869623207736,0.9963049479719686,0.9972806843611024,0.9746775562450434,0.9826119589692268,0.9213389805117868
HIP 97527,-0.06,-0.07,-0.08,-0.24,-0.09,-0.27,-0.09,-0.05,,-0.07,-0.08,-0.1,-0.36,,-0.14,-0.01,7.413102413009177,15.848931924611142,0.9772372209558112,0.0645654229034655,0.0025703957827688,0.891250938133746,7.585775750291837,16.218100973589298,1.0232929922807537,0.0660693448007595,0.0026302679918953,0.9120108393559098,0.4677351412871981,0.0616595001861482,0.0630957344480193,0.0040738027780411,0.0001621810097358,0.0562341325190349,0.9744260470293584,0.97359000431809,0.9874340215376344,0.9886128950123064,0.999583269666199,0.9986801522687488,0.9998911268372346
